   x      y          x+y      +(t/5)x        Случай
-----------------------------------------------------
  -12    -15        -27           5
[10100] [10001]   [100101]     [00101]          1

  -16    -16         -16         -16
[11000] [11000]   [110000]     [10000]          2

   -9      8         -1           -1
[10111] [01000]   [11111]      [11111]           2

   2       3          5            5
[00010] [00101]   [00111]      [00111]            3

   12      4         16          -16
[01100] [00100]   [010000]     [10000]            4
